[[1 0 1]
 [0 1 1]
 [0 0 1]
 [1 1 1]]
(4, 3)


[[1]
 [1]
 [0]
 [0]]
(4, 1)


LAYERS
[[1 0 1]]
(1, 3)


layer_1_pre_relu=  [[-0.37242104  0.51828245 -1.16138222 -0.02489585]]
(1, 4)


layer_1         = [[-0.          0.51828245 -0.         -0.        ]]
(1, 4)


[[0.39194327]]
(1, 1)


LAYER DELTAS
layer_2_delta=  [[-0.60805673]]
(1, 1)
layer_1_delta=  [[ 0.         -0.45983371  0.         -0.        ]]
(1, 4)


WEIGHTS
weights_0_1_OLD=  [[-0.16595599  0.53261573 -0.99977125 -0.39533485]
 [-0.70648822 -0.81532281 -0.62747958 -0.30887855]
 [-0.20646505  0.16960021 -0.16161097  0.370439  ]]
(3, 4)
weights_0_1    =  [[-0.16595599  0.53261573 -0.99977125 -0.39533485]
 [-0.70648822 -0.81532281 -0.62747958 -0.30887855]
 [-0.20646505  0.16960021 -0.16161097  0.370439  ]]
(3, 4)
weights_1_2_OLD= [[-0.5910955 ]
 [ 0.8192639 ]
 [-0.94522481]
 [ 0.34093502]]
(4, 1)


weights_1_2    =  [[-0.5910955 ]
 [ 0.8192639 ]
 [-0.94522481]
 [ 0.34093502]]
(4, 1)


WEIGHT DELTAS
layer2_weight_delta
[[ 0.        ]
 [-0.31514514]
 [ 0.        ]
 [ 0.        ]]
(4, 1)
layer1_weight_delta
[[ 0.         -0.45983371  0.          0.        ]
 [ 0.          0.          0.          0.        ]
 [ 0.         -0.45983371  0.          0.        ]]
(3, 4)


Error:layer_2_error: 0.6342311598444467
Error:layer_2_error: 0.35838407676317513
Error:layer_2_error: 0.0830183113303298
Error:layer_2_error: 0.006467054957103705
Error:layer_2_error: 0.0003292669000750734
Error:layer_2_error: 1.5055622665134859e-05
