7.0007 562 7.12
4 488 4.4
10 612 10.4
4 489 4.4
10 614 10.4
4 490 4.4
10 616 10.4
4 491 4.4
10 618 10.4
4 492 4.4
10 620 10.4
4 493 4.4
10 622 10.4
4 494 4.4
[-1614, -13, -13, -12, -11, -9, -8, -7, -3, -1.1, -1.1, -1.1, -1.1, -1.1, -1.1, -1.1, 
-1, 0.1, 0.2, 0.3, 1, 1, 1, 1, 1, 1, 1, 1, 1, 1, 1, 1, 1, 1, 1, 1, 1, 1, 1, 1.1, 1.1, 1.1, 1.1, 1.1, 
1.1, 1.12, 1.12, 1.12, 1.12, 1.12, 1.12, 1.12, 1.12, 1.12, 1.12, 1.12, 1.12, 1.12, 1.12, 1.12, 1.12, 1.141, 1.141, 1.141, 1.141, 1.141, 1.141, 1.141, 1.141, 1.141, 1.141, 1.141, 1.141, 1.141, 1.141, 1.141, 1.141, 1.141, 1.141, 1.141, 1.141, 1.141, 1.141, 1.141, 1.141, 1.141, 1.141, 1.141, 1.141, 1.141, 1.141, 1.141, 1.141, 1.141, 1.141, 1.141, 1.141, 1.141, 1.141, 1.141, 1.141, 1.224, 1.345, 2, 2, 2, 2, 2, 2, 2, 2, 2, 2, 2, 2, 2, 2, 2, 2, 2, 2, 2.2, 2.2, 2.2, 2.2, 2.2, 2.2, 2.2, 2.2, 2.2, 2.2, 2.2, 2.2, 2.2, 2.2, 2.2, 2.2, 2.2, 2.2, 2.2, 2.2, 2.2, 2.2, 2.2, 2.2, 2.3, 2.3, 2.3, 2.3, 2.3, 2.3, 2.3, 2.34, 2.34, 2.34, 2.34, 2.34, 2.34, 2.34, 2.34, 2.345, 2.345, 2.345, 2.345, 2.345, 2.345, 2.345, 2.345, 2.345, 2.345, 2.345, 2.345, 2.345, 2.345, 2.345, 2.345, 2.345, 2.345, 2.345, 2.345, 2.345, 2.345, 2.345, 2.345, 2.345, 2.345, 2.345, 2.345, 2.345, 2.345, 2.345, 2.345, 2.345, 2.345, 2.345, 2.345, 

3, 3, 3, 3, 3, 3, 3, 3, 3, 3, 3, 3, 3, 3, 3, 3, 3, 3, 3, 3, 3, 3, 3, 3, 3, 3.1, 3.1, 3.1, 3.1, 3.1, 3.1, 3.1, 3.12, 3.2, 3.2, 3.2, 3.2, 3.2, 3.2, 3.2, 3.2, 3.2, 3.2, 3.2, 3.2, 3.2, 3.2, 3.2, 3.2, 3.3, 3.3, 3.3, 3.3, 3.3, 3.3, 3.3, 3.3, 3.3, 3.3, 3.3, 3.3, 3.3, 3.3, 3.3, 3.3, 3.3, 3.3, 3.3, 3.3, 3.3, 3.3, 3.3, 3.3, 3.3, 3.3, 3.3, 3.3, 3.3, 3.3, 3.3, 3.3, 3.3, 3.3, 3.3, 3.3, 3.3, 3.3, 3.3, 3.3, 3.3, 3.3, 3.3, 3.3, 3.3, 3.3, 3.3, 3.3, 3.33, 3.34, 3.4, 3.4, 3.4, 3.4, 3.4, 3.4, 3.4, 3.4, 3.4, 3.4, 3.4, 3.4, 3.4, 3.4, 3.4, 3.4, 3.4, 3.4, 3.4, 3.4, 3.4, 3.4, 3.4, 3.4, 3.4, 3.4, 3.4, 3.4, 3.4, 3.4, 3.4, 3.4, 3.4, 3.4, 3.4, 3.4, 3.4, 3.4, 3.4, 3.4, 3.4, 3.4, 3.4, 3.4, 3.4, 3.4, 3.4, 3.4, 3.4, 3.4, 3.4, 3.4, 3.4, 3.4, 3.4, 3.4, 3.4, 3.45, 3.45, 3.45, 3.45, 3.45, 3.45, 3.45, 3.45, 3.45, 3.45, 3.45, 3.45, 3.45, 3.45, 3.45, 3.45, 3.45, 3.45, 3.45, 3.45, 3.45, 3.45, 3.45, 3.45, 3.45, 3.45, 3.45, 3.45, 3.45, 3.45, 3.45, 3.45, 3.45, 3.45, 3.45, 3.45, 3.45, 3.45, 3.45, 3.45, 3.45, 3.45, 3.45, 3.45, 3.45, 3.45, 3.45, 3.45, 3.45, 3.45, 3.45, 3.45, 3.45, 3.45, 3.5, 3.5, 3.5, 3.5, 3.5, 3.5, 3.5, 3.5, 3.5, 3.5, 3.5, 3.5, 3.5, 3.5, 3.5, 3.5, 3.5, 3.5, 3.5, 3.5, 3.5, 3.5, 3.5, 3.5, 3.5, 3.5, 3.5, 3.5, 3.5, 3.5, 3.5, 3.5, 3.5, 3.5, 3.5, 3.5, 3.5, 3.5, 3.5, 3.5, 3.5, 3.5, 3.5, 3.5, 3.5, 3.5, 3.5, 3.5, 3.5, 3.5, 3.5, 3.5, 3.5, 3.5, 3.6, 3.99, 4, 4, 4, 4, 4, 4, 4, 4, 4, 4, 4, 4, 4, 4, 4, 4, 4, 4, 4, 4, 4, 4, 4, 4, 4, 4, 4, 4, 4, 4, 4, 4, 4, 4.4, 4.4, 4.4, 4.4, 4.4, 4.4, 4.5, 4.5, 4.5, 4.5, 4.5, 4.5, 4.5, 4.5, 
4.6006, 5, 5, 5, 5, 5, 5, 5, 5, 5, 5, 5, 5, 5, 5, 5, 5, 5, 5, 5, 5, 5, 5, 5, 5, 5, 5, 5, 5.222, 5.33, 5.5, 5.5, 5.5, 5.6, 5.6, 5.6, 5.6, 5.6, 5.6, 5.6, 5.6, 5.9, 5.9, 5.9, 5.9, 5.9, 5.9, 5.9, 5.92, 5.92, 6, 6.12, 6.6, 6.6, 6.6, 7, 7, 7, 7, 7, 

7.0007, 7.12, 7.7, 7.7, 7.7, 8, 8, 8, 8, 8, 8, 8.12, 8.8, 8.8, 8.8, 9, 9, 9, 9, 9, 9, 9, 9, 9, 9.12, 9.12, 9.17, 9.17, 9.17, 9.17, 9.9, 9.9, 9.9, 10, 10, 10, 10, 10, 10, 10, 10, 10, 10, 10, 10, 10, 10, 10, 10, 10, 10, 10, 10, 10, 10, 10.4, 10.4, 10.4, 10.4, 10.4, 10.4, 10.4, 11, 11, 11, 11, 11, 11, 11, 11, 11, 11, 11, 11, 11, 11, 11, 11, 11, 11.11, 11.11, 11.11, 11.11, 11.11, 11.11, 11.11, 11.11, 11.11, 11.11, 11.11, 11.11, 11.11, 11.234, 11.234, 11.234, 11.234, 11.234, 11.234, 11.234, 11.234, 11.234, 11.234, 11.234, 11.234, 11.234, 11.234, 11.234, 11.234, 11.234, 11.234, 11.234, 11.234, 11.3, 11.345, 11.5, 12, 12, 12, 12, 12, 12, 12, 12, 12.12, 12.12, 12.12, 12.12, 12.12, 12.12, 12.12, 12.12, 12.12, 12.12, 12.12, 12.12, 13, 13, 13, 13, 13, 13, 13, 13, 13, 13, 13, 13, 13, 13, 13, 13, 13, 13, 13, 13, 13, 14, 14, 14, 14, 14, 14, 14, 14, 14, 14, 14, 14, 14, 14, 14, 14, 14, 14, 14, 14, 15, 15, 15, 15, 15, 15, 15, 15, 15, 15, 15, 15, 15, 15, 15, 15, 15, 15, 15, 15, 15, 15, 15, 15, 16, 16, 16, 16, 16, 16, 16, 16, 17, 17, 17, 17, 17, 17, 17, 17, 17, 17, 17, 17, 17, 17, 17, 17, 17, 17, 17, 17, 18, 18, 18, 18, 18, 18, 18, 18, 18, 18, 18, 18, 18, 18, 18, 18, 18, 18, 18, 18, 18, 18, 18, 18, 18, 18, 18, 18, 18, 18, 18, 18, 18, 18, 18, 18, 18, 18, 18, 18, 19, 19, 19, 19, 19, 19, 19, 20, 20, 20, 20, 20, 20, 20, 21, 21, 21, 21, 21, 21, 21, 21.55, 22, 22, 22, 22.12, 22.78, 23, 23, 23, 23, 23, 23, 23, 23, 23, 23, 23, 23, 23, 23, 25, 25, 25, 25, 25, 25, 25, 29, 29, 29, 29, 29, 29, 29, 29, 29, 29, 29, 29, 29, 29, 29, 29, 29, 29, 29, 29, 29, 29, 29, 29, 29, 29, 29, 29, 29, 29, 29, 29, 29, 29, 29, 30.04, 30.1, 33, 33, 33, 33, 33, 33, 33, 33, 33.12, 33.33, 33.33, 33.33, 33.33, 33.33, 33.33, 33.33, 33.33, 33.33, 33.33, 33.33, 33.33, 33.33, 34, 34, 34, 34, 34, 34, 34, 34, 34, 34, 34, 34, 34.5, 35, 35, 35, 35, 35, 35, 35, 35, 35, 35, 35, 35, 35, 35, 35, 35, 35, 35, 40, 40, 40, 40, 40, 40, 40, 40, 40, 40, 40, 40, 40, 40, 40, 40, 40, 40, 40, 40, 41, 41, 41, 41, 41, 41, 41, 41, 41, 41, 41, 41, 41, 41, 41, 41, 41, 41, 41, 41, 41, 41, 41, 41, 41, 41, 41, 41, 41, 41, 41.132, 43, 43, 44, 44, 44, 44, 44, 44, 44, 44.44, 44.44, 44.44, 44.44, 44.44, 44.44, 44.44, 44.44, 44.44, 44.44, 44.44, 44.44, 44.44, 45, 45, 45, 45, 45, 45, 45, 45, 45, 45, 45, 45, 45.55, 47, 47, 47, 47, 47, 47, 47, 47, 53, 53, 53, 53, 53, 53, 53, 53, 53, 53, 53, 53, 55, 55, 55, 55, 55, 55, 55.1, 55.55, 55.55, 55.55, 55.55, 55.55, 55.55, 55.55, 55.55, 55.55, 55.55, 55.55, 55.55, 56, 56, 56, 56, 56, 56, 56, 56, 56, 56, 56, 56, 56, 56, 56, 56, 56, 56, 56, 56, 56, 56, 56, 56, 56, 56, 56, 56, 56, 56, 56, 56, 56, 56, 56, 58, 60, 64, 64, 64, 64, 64, 64, 64, 64.6, 66, 66, 66, 66, 66, 66, 66, 66, 66, 66, 66, 66, 

66.0004, 66.12, 66.66, 66.66, 66.66, 66.66, 66.66, 66.66, 66.66, 66.66, 66.66, 66.66, 66.66, 66.66, 66.66, 67, 67, 67, 71, 71, 71, 76, 76, 76, 76, 76, 76, 76, 76, 76, 76, 76, 76, 76.1, 77.12, 77.77, 77.77, 77.77, 77.77, 77.77, 77.77, 77.77, 77.77, 77.77, 77.77, 77.77, 77.77, 77.77, 77.77, 77.77, 78, 78, 78, 78, 78, 78, 78, 78, 78, 78, 78, 78, 78, 78, 78, 78, 78, 78, 78, 78, 78, 78, 78, 78, 80, 80, 80, 80, 80, 80, 80, 81.55, 83, 87, 87, 87, 87.51, 88, 88, 88, 88, 88, 88, 88, 88, 88, 88, 88, 88.1, 88.1, 88.88, 88.88, 88.88, 88.88, 88.88, 88.88, 88.88, 88.88, 88.88, 88.88, 88.88, 88.88, 88.88, 89, 89, 89, 89, 89, 89, 89, 89, 89, 89, 89, 89, 89, 89, 89, 89, 89, 89, 89, 89, 89, 89, 89, 89, 89, 89, 89, 90.1, 91, 91, 91, 91, 91, 91, 91, 91, 91, 91, 91, 91, 91, 91, 91, 91, 91, 91, 91, 91, 91, 91, 91, 91, 91, 91, 91, 91, 91, 91, 91, 92, 92, 92, 92, 93, 93, 93, 93, 94, 94, 94, 94, 95, 95, 95, 95, 96, 96, 96, 96, 97, 97, 97, 97, 99.99, 99.99, 99.99, 99.99, 99.99, 99.99, 99.99, 99.99, 99.99, 99.99, 99.99, 99.99, 99.99, 99.99, 99.99, 99.99, 100, 100, 100, 100, 101, 110, 114, 114, 114, 114, 114, 114, 114, 114, 115, 115, 115, 115, 115, 115, 115, 120, 123, 123, 123, 125, 125, 125, 125, 125, 125, 128, 141.141, 141.141, 142.14, 142.142, 142.142, 154, 156, 161, 176, 201, 201, 201, 201, 201, 201, 201, 201, 204, 204, 204, 212, 234, 234, 234, 234, 255, 255, 255, 255, 255, 255, 301, 301, 301, 301, 301, 301, 301, 301, 301, 301, 302, 302, 302, 302, 302, 302, 302, 302, 302, 302, 302, 302, 302, 302, 311.234, 333, 333, 333, 343.343, 343.343, 343.343, 345, 345, 345, 345, 345, 345, 345, 345, 345, 345, 345, 345, 345, 345, 345, 345, 345, 345, 345, 345, 345, 345, 345, 345, 345, 345, 399, 399, 399, 399, 399, 399, 399, 403, 404.404, 404.44, 404.44, 405, 405, 432, 432, 432, 444, 444, 444, 444, 444, 444, 444, 444, 444, 444, 444, 444, 444, 444, 444, 444, 444, 444, 444, 456, 463, 465, 501, 501, 501, 533, 533, 533, 533, 533, 533, 533, 554, 554, 554, 554, 554, 554, 554, 554, 554, 554, 554, 554, 554, 554, 554, 606, 606.66, 606.66, 606.66, 607, 646, 646, 654, 654, 655, 656, 666, 666, 666, 666, 666, 704, 704, 704, 707.77, 746, 746, 746, 761, 761, 761, 761, 761, 761, 761, 761, 761, 761, 761, 761, 761, 761, 761, 761, 761, 761, 761, 761, 761, 761, 761, 761, 761, 761, 761, 761, 761, 761, 765, 765, 765, 765, 803, 808.808, 808.808, 808.808, 871, 871, 871, 871, 871, 871, 871, 871, 871, 871, 871, 871, 871, 871, 871, 871, 871, 871, 871, 871, 871, 871, 871, 871, 876, 901, 901, 901, 901, 901, 901, 901, 901, 901, 901, 901, 901, 901, 901, 901, 944, 1101, 1133, 1999, 1999, 1999, 1999, 2001, 2001, 2001, 2001, 2001, 2001, 2001, 2001, 2355, 2355, 2355, 2355, 2355, 2355, 3004, 3004, 3004, 3004, 3004, 3004, 3004, 3004, 3004, 3004, 3004, 3004, 3004, 3004, 3004, 3004, 3004, 3004, 3004, 3004, 3004, 3004, 3004, 6333, 6333, 6333, 6333, 6333, 6333, 6333, 6333, 8600, 8601, 8744, 8744, 8744, 8745, 8745, 8745, 8745, 8745, 8745, 8745, 8745, 8745, 8745, 8750, 8750, 8750, 8750, 8750, 8750, 8750, 8750, 8750, 8750, 8750, 8750.5, 8750.5, 8750.5, 8750.5, 8751, 8751, 8751, 8751, 8751, 8751, 8751, 8751, 8751, 8751, 8751, 8751, 8751, 8751, 8751, 8751, 8751, 8751, 8751, 8751, 8752, 8752, 8752, 8752, 8752, 8752, 8752, 8752, 8752, 8752, 8752, 8752, 8752, 8752, 8752, 8752, 8755, 8755, 8756, 8756, 8756, 8757, 8801, 8801, 8801, 8802, 8802, 8802, 8802, 8803, 8803, 8803, 8803, 8888.8, 8888.8, 8888.8, 8888.8, 8888.8, 8888.8, 8888.8, 8888.8, 8888.8, 8888.8, 8888.8, 8890, 8890, 8890, 8890, 8890, 8890, 8890, 8890, 8890, 8890, 8890, 8890, 8890, 8890, 8890, 8890, 8890, 8891, 8891, 8891.2, 8891.2, 8891.24, 8891.25, 8891.3, 8891.3, 8891.3, 8891.3, 8894, 8894, 9990.9, 9990.9, 9990.9, 9990.9, 9990.9, 9991, 9992.2, 9999, 
10000.1, 123456.1, 223456.99, 1234567.1, 2020201, 9999999] 1845
Time Required: 0.015619039535522461
